7.008595607913957748e-01 4.213378483864717652e-03 -1.433320807254254980e-01 -1.010042812064692268e-04 5.368557304620424518e-04 1.973603666054563055e-03
-6.743245549589538257e-01 6.333935381423824729e-02 -2.063497489032923293e-01 -1.385541245846478057e-03 9.797590377827236630e-03 5.139754790352680375e-02
6.998370651383158947e-01 6.022419771547077305e-03 -1.506092808010943973e-01 -1.676108076993483575e-03 3.663510108615237494e-03 -6.539939316598014987e-03
5.088307057668991357e-02 1.064290042399844038e+00 3.490683887685766540e-01 -3.221865893705856410e-01 -1.237545924130679410e-02 1.306507343677378594e-03
6.964271027531678815e-01 -2.300590381917179666e-03 -1.291547386361923400e-01 -1.072726200522712559e-03 -4.022851541643134021e-02 3.386994249319474209e-02
7.001768319232212212e-01 5.292986608126315322e-03 -1.540673032104454554e-01 -1.447669436310361924e-03 1.292801935503512176e-02 -1.823978448285588569e-02
6.958360111531727288e-01 -1.149626716201915429e-03 -1.380949704252397714e-01 -1.092273220796815452e-03 -4.270446507880144849e-02 3.081501388383209999e-02
-8.847724146440454074e-02 -2.693502525802539682e-01 1.623496346177710770e-01 -1.031624182096018902e-02 8.537817077116538478e-02 1.924852445050855287e-01
-1.587959173143503946e-02 -2.952958726080138208e-01 2.819910417731369967e-01 1.123536192662014967e-02 -8.365660106191873113e-02 -2.940321732495438864e-02
-6.718585502062440762e-01 6.976429081231913520e-02 -2.205572051474508355e-01 -8.940472878711257926e-03 2.516958873090912804e-02 7.337663191808149743e-02
-6.747496277239238838e-01 5.908314730238915791e-02 -2.058755665895257991e-01 -4.804325915149955731e-03 2.045837652545525950e-02 4.927774571212203969e-02
6.986170036025936003e-01 4.954401871033266118e-03 -1.621690995865751050e-01 -7.020623243905419440e-03 2.948235757967651929e-02 -3.391452135634841214e-02
7.097388030554821481e-02 1.064200467114781778e+00 3.141979161209280669e-01 3.260654352477815876e-01 3.418274442387798234e-02 8.443809362369552804e-03
-6.719052824731281959e-01 2.906628154658522090e-02 -1.314444382384473697e-01 3.543547373149007109e-03 -1.944047770852459778e-02 -5.897376017374006407e-02
-6.767901759560617236e-01 2.708931680039236220e-02 -1.313074720371680826e-01 4.456764032626810319e-03 -2.299203896037549377e-02 -4.611342355977746804e-02
-6.752801745224781271e-01 3.277887130881011746e-02 -1.393101302345839121e-01 1.249442631515488688e-03 -2.627239101282187461e-02 -4.406231435590751006e-02
-6.745176488252251357e-01 3.002577030566941710e-02 -1.352825980186187493e-01 2.055940558198369062e-03 -2.254461383169421504e-02 -4.277499776611286969e-02
6.998759671090098999e-01 5.206193965215135701e-03 -1.523338388888659800e-01 7.405756490868752213e-04 -1.354354203180096507e-02 3.624411573011983908e-03
-1.223150359979218241e-02 -2.966245953392371293e-01 2.894697438407862755e-01 5.137707323780895362e-03 -1.710477820429271573e-02 -7.559929700415381204e-02
-6.784293511133696608e-01 3.879869123149064930e-02 -1.563798015264085961e-01 -1.904395687063447067e-03 -7.766935435872649590e-03 -6.926637799734829820e-03
-5.226300837203388255e-02 -2.790678828249754106e-01 1.990923364928919026e-01 -1.611413693579303447e-02 2.082480632648925356e-01 -6.281046838208704033e-03
-5.307695929203391783e-02 -2.715084566091818252e-01 1.766294834491953236e-01 -1.842409832023066130e-02 2.366618964720343388e-01 -6.767552464240343679e-03
-6.766739934882778362e-01 3.882445748979596739e-02 -1.468248235954828229e-01 4.424876484380869078e-03 -2.771438399459522431e-02 -3.166500566715099718e-02
7.013322602404891137e-01 1.118071323473778834e-02 -1.647579495721708809e-01 1.058138605708687117e-03 6.440056855862968596e-03 -1.793330130230388550e-02
-6.495526859878238135e-02 -2.812279911518985598e-01 2.642579039623129122e-01 1.435910638667878270e-02 -1.559385411986893011e-01 9.705975622921148016e-02
6.978872681007743939e-01 2.147638131931788388e-02 -1.801353727095142132e-01 -1.447815106121539156e-03 -1.129965459369786616e-02 -1.543739179969560830e-02
-4.680454589129812853e-02 -2.876487966862764090e-01 2.722276032197805673e-01 1.491077572513287847e-02 -1.467757738493973285e-01 5.447243874916835038e-02
2.714674365238172425e-03 -2.955826825117388035e-01 2.654153635983854675e-01 1.996171109394019594e-03 2.235896453643015230e-02 -9.194553589492783507e-02
-7.203217842175695974e-03 -2.958504179704635195e-01 2.732870030027376163e-01 6.700178686142720975e-03 -4.494802311202353295e-02 -6.552492623262516636e-02
