-6.049653408600944582e-01 -2.991172436468233498e-01 -3.032066867022082876e-02 -1.122958685831405429e-01 -4.573942849017129109e-02 6.354929311479012854e-02 3.017706068225462380e-03 -5.677975392141320493e-02 -1.957169453587710162e-01 7.236237322402229444e-02 3.176390077926154187e-02 1.777023684359489730e-04 -1.413253239838905759e-02 -1.034484915662003263e-01 1.258674362478106323e-01 2.546008522173182423e-02 -9.622099122937062543e-02
2.406654506485087219e-01 3.633209029901078302e-01 -4.269206692530787550e-01 -6.532267109287204221e-02 3.315068516711368041e-01 3.919365602373873769e-01 1.341154431631000621e-01 -1.418875825632572030e-01 -5.686505488832750872e-03 -1.772747607948077786e-01 -8.231486130019584346e-02 -1.963028095943857854e-01 -2.650700992662212152e-01 1.070505155370276781e-02 2.528014320536528178e-03 -4.070714084889897645e-03 -8.519242974496445565e-04
-2.188051394186912163e-02 4.463444299794901982e-01 -4.438744665165822445e-01 3.656018229434943589e-01 -6.743049231003592214e-02 -1.355493890667797963e-01 -1.572140799435398084e-01 3.652218469389948985e-01 -6.978565521514575043e-02 3.557871164913882778e-01 -1.174581464074604398e-01 5.403160776701228241e-02 -1.624962677106166209e-01 -5.032256131837509368e-03 2.819707108817168131e-04 1.810411340926335738e-02 4.516419182465583257e-03
6.988780224822118692e-01 -1.745825343406207930e-01 1.693803192614818168e-02 1.370921879874196884e-02 -7.495881992635039515e-02 1.227249028870652618e-02 5.510925237125507276e-02 1.634328098810339247e-02 7.981595931491249768e-03 -7.456625384990767103e-02 1.551928095326745860e-01 1.507850084453966621e-01 -7.475986309434638766e-02 -4.375525461120109011e-03 -7.807583949586616688e-03 7.463215545141145546e-02 2.740577447124917937e-02
6.838347471992128890e-01 -1.857925945480630170e-01 9.437238186990448696e-02 -2.101537181131526294e-02 -3.070255928588741523e-03 -7.250068732991342413e-02 -5.283317170437369648e-02 -3.471815752431271773e-02 -2.651428522066715757e-03 1.290891968244533249e-02 -1.130709636459671097e-01 -1.403897965718648722e-01 9.416675069359266292e-02 -5.730887837431192927e-02 2.031256945191472693e-02 9.390939407716691889e-02 -4.852732645898928410e-07
-1.815005138071791313e-01 4.245618362521283995e-01 4.441423773380981377e-01 2.739958731670123493e-01 -3.004216000793026864e-01 4.571354103196101915e-01 1.984589401516938245e-02 -2.712868635837791809e-01 2.203714686555106050e-01 2.521544535163666723e-01 -5.993567564881541881e-02 5.789777135167892275e-02 1.719155554022619090e-02 5.218281844282894046e-05 1.075649342599854845e-04 2.849937555033952262e-03 1.139875418241462993e-03
7.014581573098006562e-01 -1.924361334652897881e-01 1.259754562839904279e-02 -1.762912822271263391e-02 -1.199879897879874320e-02 -2.555857302069897141e-02 -3.647427518006287478e-02 8.897788492604303059e-03 6.813330138656177939e-03 5.936147313033453277e-02 -7.840998626811351846e-02 -7.589324298635655164e-02 3.633897156017622254e-02 2.350189714652162892e-02 -1.809749087219025658e-03 -6.501556452705103961e-02 -3.276857365319103821e-02
6.733036440320587790e-01 -2.263024728175418721e-01 3.755930951067236456e-02 -3.047723284021353757e-02 1.900766379062769585e-03 -3.740531176045958084e-02 -4.448996749901732578e-02 -2.602472262121174190e-02 -3.935156445186087197e-03 4.417728448152032777e-02 -1.046282751564120012e-01 -1.324101274055046462e-01 6.456197049986908687e-02 2.807763508647025228e-04 -9.734646052271509614e-03 -1.199162215393007741e-02 1.069203161200547002e-02
-6.201174719569886307e-01 -2.538394388923706502e-01 -2.825462816072769889e-02 -4.952418918045194823e-02 -3.718496142846788172e-02 -6.661217805754787204e-03 2.018984860478784116e-02 -1.647043689425893272e-03 -3.015780977470454080e-02 4.033894065835888498e-03 -1.725052534979720081e-02 -1.430315584836224646e-02 8.236414289668345795e-03 1.608129966122022469e-01 5.285835930774226976e-02 2.404756568852752310e-02 -2.697502811964471239e-02
6.673560004458457540e-01 -2.392959972174521499e-01 2.815350783591048789e-02 -2.315837788784827489e-02 -8.761638291347895874e-03 -3.021703942024332734e-02 -4.201443076463890619e-02 -9.188620458753184519e-03 -8.039536563688559276e-03 5.153795861097455050e-02 -9.506212705849134692e-02 -1.095074335625814410e-01 4.934649571679145669e-02 9.818451721602306295e-03 -2.019837985686293719e-02 -2.522706267685297099e-02 1.776042870332549331e-02
6.975535278317037680e-01 -1.842684151584713936e-01 1.174690019968476461e-02 8.375019454398766050e-03 -4.939164636002309899e-02 1.848000545873591804e-02 4.013187863459118099e-02 3.919909259905809268e-02 2.293355108207592152e-03 -3.913293089516164946e-02 1.197628483752841838e-01 1.888939505066709601e-01 -5.353131805892728801e-02 2.108614334390012529e-02 1.145414807873554666e-02 -7.675587406084449782e-02 -2.446867633703976239e-02
-1.749889273933469547e-01 4.684137167216386177e-01 -1.731303557194661669e-01 4.212805630809445812e-01 -4.537468886824035375e-01 -1.546065405865623132e-01 2.840216947909309786e-01 4.127711497139562036e-02 -7.087390654099380571e-02 -2.936244579124897003e-01 9.448482034519363471e-02 -1.877241339677149790e-01 9.779046612269347294e-02 -2.381229923774621712e-02 -2.289808558848962280e-03 -2.012540761470517706e-02 -1.118696209057578293e-02
-6.150063095567779303e-01 -2.585751042779152464e-01 -2.667445432108519338e-02 -5.527961838696323488e-02 -4.753196145481014545e-02 1.432227043300463151e-03 4.224508708315280470e-02 -1.467361306267906534e-02 -8.251088145832932708e-02 2.287827392108823799e-02 -4.310723154967683463e-03 -1.707612812978999764e-02 1.550690832904915231e-02 1.465645849106136656e-01 5.451411420143389454e-03 4.374390301495244271e-03 5.929863121324020769e-02
-1.495612797015783979e-01 5.897691474905599751e-01 2.607516169156253935e-02 -3.021177691366062068e-01 -1.914918384812075436e-01 -1.917122953689178455e-01 -2.220008219001753380e-01 -1.690154509718385656e-01 -7.270396979753417088e-02 -2.585722408785484094e-01 -3.504247534475155579e-01 2.322247378061692291e-01 -3.836000660206105584e-02 -9.837736771498833271e-03 -7.920891859202404102e-04 -1.334831350553525526e-03 6.110517230966494399e-03
-5.933644328598127737e-01 -3.082265928401351496e-01 -3.531182417212861552e-02 4.109954147262616375e-02 4.960165111279773303e-02 5.074071829176428350e-03 -5.567382408144076061e-02 1.162145688872480709e-01 2.521268651371370018e-01 -9.680990715284674974e-02 -3.634423372210829339e-02 -7.672837779857517165e-03 3.589690760084647547e-03 -8.075045166493771687e-02 8.197933609964506985e-02 -2.191881074645744137e-02 3.819344210744959889e-02
6.902720804407110888e-01 -1.727838254650660987e-01 2.125463500200297853e-02 1.195210067546165038e-02 -8.158612735400672111e-02 1.293662813694726466e-02 5.764630419438976361e-02 5.385449456620712214e-03 1.250964864219077446e-02 -8.807141156297863815e-02 1.617243258197117173e-01 1.345341332088511033e-01 -1.003081027149653470e-01 -4.216404985425759207e-03 -4.461023737832336619e-03 1.114818070267845074e-01 3.129095952866846331e-02
-5.802670562332632453e-01 -2.890034016501576430e-01 -3.299288208611038387e-02 4.119472310480560423e-02 7.501398267103417949e-02 -2.686451661395352405e-03 -5.845230273929421377e-02 1.288801187617514832e-01 3.035070047551112205e-01 -1.050878502305381823e-01 -2.622118050272284964e-02 1.974385165770709688e-02 3.827839409509665417e-04 -2.961971507751346225e-02 -1.236904263399735693e-01 3.893972167066088279e-03 -2.827156389466179906e-02
-5.720864339917798302e-01 -2.839444278500777852e-01 -2.876468053433214184e-02 -1.302699260121120695e-01 -7.759083459095782176e-02 8.244495412692078029e-02 4.473252355129743452e-02 -7.364432974575260693e-02 -2.950414113792361737e-01 9.901949763444110875e-02 6.349767306496656438e-02 9.448296012846935446e-03 -1.773646297649708256e-02 -1.118766037643730005e-01 -3.137183142846595996e-02 -5.590070530907600282e-02 1.343589197934445256e-01
-6.049861386236712324e-01 -3.026419790420410427e-01 -2.587250292130367085e-02 -9.044210545023254055e-02 -3.565643548836942844e-02 5.776353837778964995e-02 1.728292984434529403e-02 -5.375054681891756891e-02 -1.898333112022811409e-01 5.248941667320523169e-02 1.968921812579389752e-02 1.203561689971712270e-02 -1.615069791977179897e-02 -8.025222064599418781e-02 -1.232078923185984665e-01 1.734421026260637294e-02 -9.356140907136212270e-02
6.679668730507770658e-01 -2.120352429694763730e-01 3.425796669549801415e-02 -2.658914963522432395e-02 3.843491277963944491e-03 -5.240480396384356726e-02 -5.425320741523093765e-02 -2.199951879995298495e-02 -5.130527495318659530e-03 6.724617501124827146e-02 -1.229942091508691576e-01 -1.460882422928170832e-01 8.170314888000318465e-02 -2.083742794109280910e-03 -4.384284050144099387e-03 3.289337079825383533e-03 6.983680707175579302e-03
-6.193608810633968176e-01 -2.529036572498756796e-01 -3.358425919138670335e-02 -3.744948921402767306e-02 -4.538210052090341923e-02 3.496390046534596317e-03 2.343425010072205592e-02 4.848645060666564172e-03 -3.960030872828992216e-02 6.982147681061316898e-03 -1.848188607616672863e-02 -1.238168956277400749e-02 1.079601620877432104e-02 1.645204867162640416e-01 -2.551143760913395300e-02 1.944884907157791443e-02 -6.098609685733943214e-03
-1.463736681054775279e-01 4.670652999369372393e-01 4.043908895405855519e-01 -3.802357458789867861e-01 1.600503408246295722e-01 -2.621822969667522707e-01 5.349977400383578718e-01 1.418896731149180412e-01 1.021757005904837673e-01 1.653254489133523797e-01 -5.095403262722361659e-02 -2.834699154628999695e-03 -5.623958087779861587e-02 -1.880692311699969782e-02 1.185807183909865512e-03 -6.058105113427242686e-04 -1.826120735410919531e-03
1.201078012157971997e-01 4.688162019516493584e-01 -5.161575813620898900e-01 -1.064961485772673716e-01 2.674015974343190716e-01 1.978936634567770581e-01 9.115578338035310035e-02 2.926373320873925168e-02 -4.638929151272380008e-03 4.307241566768208602e-02 5.038754941905319862e-02 1.832606798068311116e-01 3.733100342524708348e-01 -1.915488076769146291e-03 7.936132559596643585e-04 1.159316357933772718e-02 2.124104869184262247e-03
-1.336902538710625921e-01 5.329517086163717554e-01 -1.702609175753755644e-01 -3.504337783912211401e-01 -6.520782847133232973e-02 -2.465416960356643095e-01 -3.076227873124326440e-01 -2.281445365662263525e-01 1.730806142141705362e-01 1.258916193552400975e-01 3.568601690487795963e-01 -1.545038306233756931e-01 -3.207122089580268648e-02 7.046993553570219705e-03 -2.453620927974698926e-03 -1.036168806583994371e-02 -3.152049502336301545e-03
7.035047601914006243e-01 -1.923846390991404698e-01 1.544040063290901682e-02 3.903422597680523271e-03 -4.299722531051018010e-02 1.642075907291559028e-02 2.572681291517706775e-02 3.529386772918255422e-02 3.791567603171504524e-03 -2.816948519399221224e-02 8.963027007114900135e-02 1.532810156569263671e-01 -6.270768212609248438e-02 2.784097403129565107e-02 1.722129119038278214e-02 -1.004305262379883434e-01 -3.908379037532537514e-02
-2.526934606848698084e-01 4.785735222659561611e-02 2.282180479496283831e-01 5.923507389655257027e-01 5.082853772487525568e-01 -3.179077922000302370e-01 -2.068464412191024782e-02 -3.285444703335867467e-01 -8.362346207326343261e-02 -1.297633432177627485e-02 3.036478766600494289e-02 7.225992536104275388e-02 -1.724063284516467965e-03 -1.010923033552310396e-03 2.036829929361265445e-03 -5.365303841854604343e-03 2.711722446816858430e-03
-5.898687605043060334e-01 -3.048228557417522744e-01 -4.435220596258995784e-02 3.688926476609068195e-02 5.442313278328435311e-02 1.069908697813148468e-03 -6.345216713946852383e-02 1.249973091034241313e-01 2.766082785514221709e-01 -1.026738500602755871e-01 -1.722097218316713182e-02 1.217249362431760580e-02 4.339385092930097935e-03 -5.380279518210621253e-02 3.600176478202369440e-02 -9.880377159222490310e-03 2.293077618010028532e-02
-8.418962169255456152e-02 5.238559601067923621e-01 6.413249406254735163e-01 -1.161571872558678914e-02 1.881216907446065512e-01 2.140281949796113414e-01 -2.784874689542691795e-01 3.735927213484001030e-01 -2.013296841326382425e-01 -1.582689852068835390e-01 1.217241794521212589e-01 -8.365866299359052405e-02 3.802730603872558207e-02 1.591991712551530519e-02 -3.673438104750809379e-04 -1.444682551219877119e-03 -1.051099198966730678e-03
