-4.950813366971838492e-01 -5.326708104542657862e-01 -1.082626090198175461e-01 -6.729480084563221366e-03 3.082640096538860272e-02 1.122593950381803492e-02 8.283966931497016573e-02 1.835807279379573706e-02 -1.928521527952097581e-01 2.530347538671071095e-01 -3.216404688191647210e-02 -1.523287482921464658e-03 2.483902732832892479e-01 3.949995516019345898e-02 -7.394591370410697178e-04 -7.112514841563678802e-02 7.168254782168026300e-03 -1.921837000865112347e-02
7.423342305970747068e-01 -1.022986847462495630e-01 -3.098120046138345268e-02 -1.476742881753453362e-01 4.053986032806698725e-02 -1.892723372161038333e-03 1.504536863399102142e-01 -2.502963414568011233e-02 2.728555723812083403e-02 3.990971201919882999e-02 -4.530197634765958936e-02 -4.636511005895215670e-02 -3.618820973930961943e-02 -1.569861060828495539e-02 -3.517498398980260094e-02 1.534977300129259682e-02 1.712716349204643912e-02 -1.222715726204409541e-02
-1.887889703161470256e-01 -8.283069928709219099e-02 7.326601531089860231e-02 8.596850248980233422e-01 -1.166540902580637112e-01 4.342438130875275748e-02 2.217226448224648983e-01 -8.205118740031845659e-02 1.001589063426750609e-01 3.843066696313071628e-02 -3.932619200061097248e-02 -2.084898850343411270e-02 -2.848706205027869837e-02 1.329380290592399117e-03 -1.142553200521130227e-02 1.517625615093801464e-02 8.594369870966048555e-03 4.122511219555498492e-03
7.316723551652315471e-01 -1.357850939526075440e-01 -3.821449448044126479e-02 -1.419822293272304803e-01 5.194577783744916410e-02 -2.055946213664317651e-02 1.497353526942885593e-01 2.427215837995478492e-02 1.936469568277018535e-02 4.964810209825479270e-02 -5.625904509102439693e-02 -1.729298950746966171e-02 -2.435688935835579605e-02 -5.951407005868612592e-03 1.074678552990655442e-02 -1.837529442183552866e-02 -8.407880221636555851e-03 1.288457988596193871e-01
7.512589627099900413e-01 -1.116614561329089261e-01 -3.750812438208325078e-02 -7.937026701949313756e-02 6.665483056112781780e-03 1.387407203188414885e-03 7.719384026232468943e-02 -6.606986321169575765e-03 2.330974984069695069e-02 3.720260357500335948e-04 -5.346367723342092260e-02 -4.594380267097376153e-02 -6.497843031494222703e-03 -2.437384259799513925e-02 -3.548748841694963907e-02 2.265478493130783713e-02 2.375435114853322732e-02 -7.773571443347156162e-02
-3.667278485200436422e-01 -3.743320436251992289e-01 2.188924498527039606e-03 1.329919061711015149e-01 7.164418522682931556e-01 -1.119425820982578867e-01 -7.303830715386544492e-02 5.749610427881100133e-02 8.519775435981578882e-02 -5.731677793830340650e-02 5.545981983158364270e-02 -9.150203039712492825e-02 -1.616279962691853297e-03 1.022607444088378427e-02 1.273061541802965498e-02 -1.400059773420264143e-02 -3.890353432834404209e-03 -9.093831722420881933e-03
-1.930612231801524525e-01 5.321790951057612240e-01 -8.113759552719128354e-02 5.404089443177618329e-02 -5.569210039205783891e-02 -5.132064189685509731e-02 -2.947655129125728579e-02 3.851562486596467050e-01 -3.816286563698852857e-02 1.219689384466920157e-01 -9.641191976432772481e-02 -4.073662153501615701e-02 -9.522954105935332869e-02 -2.999385714734830247e-02 1.066362677655819241e-01 -1.812158077346698315e-02 -7.228327334218458133e-02 2.922055228471722582e-02
-2.151116414213325168e-01 5.661792120276734064e-01 -4.111692478829364478e-02 -6.420242235324347124e-02 7.327998762303589153e-02 5.090193753605209287e-02 2.488879110358836050e-02 -2.688667856221961250e-01 -8.080865924717363369e-02 6.595833963967658031e-02 1.635752009422826447e-02 4.092715081549814365e-02 -1.310259488741496448e-01 1.006770428526075067e-01 1.671561691490031087e-01 -3.295970114457893313e-02 -7.052831400409247109e-02 -5.135362832239678127e-02
-5.174665350543775633e-01 -5.412056916392421480e-01 -1.266464785829654049e-01 -1.120746940315522355e-01 -3.331462921627581508e-02 8.772170906875370947e-03 -4.203760370502158256e-02 -1.853663900897525819e-03 4.343292978842622221e-02 5.537861031896091496e-02 -1.962688984351042276e-02 3.300769596778448112e-02 2.141156337801353865e-02 5.137715383854365298e-02 5.621338818109741092e-02 2.731236296750337855e-01 3.258308782825671164e-03 2.020005151324762854e-02
-2.248870780875691366e-01 6.500707614056645545e-01 -4.402582502131000691e-02 -8.040945009608842231e-02 2.354830088937355168e-02 -1.805426088414992247e-02 1.394580194224420699e-01 8.483499839614599969e-02 2.388968121831388375e-02 5.896273186948113726e-02 2.080468447189896264e-01 8.975492886237361467e-02 -2.671193270644629456e-02 -1.706705226699825259e-02 -2.876554461528140622e-02 -4.031945898759145552e-03 4.110649228291369389e-02 4.294139645775430295e-03
-4.788209717756918837e-01 -5.278521560746891605e-01 -1.245165064631742341e-01 -1.501857611058231290e-01 -2.321561801154162774e-01 -2.224598968656341449e-02 -9.336569283902544647e-02 -1.576861534940800225e-02 2.520972782829730141e-01 6.660180447705123241e-02 1.053044687484404052e-01 -9.652042425610278531e-02 -2.806804477647677556e-02 1.252726622802206591e-01 -8.790481799533202134e-02 -6.502415006293510435e-02 -1.232317004549594863e-01 -1.471495496789321233e-02
-2.942993971723757984e-01 5.637062349859387478e-01 -6.108728074741127251e-02 -6.359096433491885463e-03 -6.244501065548251767e-02 -6.725839593616677464e-03 -7.095181798617200553e-02 9.794372879452463432e-02 6.553639385147212726e-02 -1.450542331095825144e-01 -1.655638413019286381e-01 -5.956123655135682482e-02 9.458467173838409903e-02 -2.582755892097814143e-02 -4.799688466004496668e-02 4.091420159211601494e-03 -2.117521720881910055e-02 -4.886837036257425659e-02
7.183482468943517274e-01 -8.871616703239464108e-02 -5.091068965616663000e-02 1.203813054090273199e-01 -6.335031887767357539e-02 9.937256581474401829e-03 -1.445534868144515150e-01 1.475758459389496166e-02 -2.616114912757528874e-02 -6.728782949321757134e-02 5.631762282193485125e-02 5.997115815692024426e-02 6.300048011687203742e-02 3.156305999029745957e-03 6.446842893203331981e-02 -5.181452486606413603e-03 -1.097788544865955715e-02 -5.450497094228819867e-02
-1.660818960523822163e-01 -1.347264864363859060e-01 8.217548882789154074e-01 -9.065781834198570477e-02 3.040623580004349000e-02 5.618324795284143081e-01 -2.749763377100413256e-02 7.377230743783930178e-02 -5.992202833449125111e-03 -1.232582697196877609e-02 1.654539966829220859e-02 -1.741956414395242139e-02 -5.308892257022321780e-03 9.077405231588184589e-03 -4.308292226624883814e-03 -3.340566427245925379e-03 3.184090527578788913e-03 4.491903756451778168e-03
7.506118568352083686e-01 -1.014199706021725600e-01 -3.553441525627647896e-02 -1.332497360818735155e-01 3.025411135073291860e-02 -2.400332253882146889e-03 1.182960980889301711e-01 -3.009509866995569924e-02 1.571008557265247962e-02 3.758914485622672635e-02 -4.301858458307693950e-02 -4.404036184004953003e-02 -4.063722097071693906e-02 -5.770862002755828418e-03 -2.709242591791978516e-02 2.027080284701598782e-03 6.198447589093628203e-03 -9.894610641906057685e-03
7.302878665945133907e-01 -8.985127336133552634e-02 -4.640766635177498434e-02 1.003396985979288225e-01 -5.609035643289110584e-02 9.822633910026627724e-03 -1.179360562462081347e-01 1.793076248630416647e-02 -2.249879744297706222e-02 -5.526014927400822729e-02 4.578705495075519050e-02 3.743989661228284971e-02 6.610646643485500185e-02 6.043397700962321872e-03 6.581227256488388078e-02 8.550677938539183454e-03 -3.864655108997675729e-03 -8.002397771661823311e-02
-2.499206054507391306e-01 6.092435934240246764e-01 -6.655989663982402049e-02 9.638557023571026061e-03 7.243886059881293228e-03 1.070718120438065961e-02 -1.565880641188560907e-01 -1.722392827406050708e-01 -8.772431538416394781e-02 5.261117489490435561e-02 6.882380639883432273e-03 -8.967852884271207414e-02 -3.267182051993069297e-02 9.867300290039432431e-03 -9.031603682687183721e-02 7.427681083159796971e-03 7.342311349171723456e-02 1.304605866958727552e-02
7.506553323921966170e-01 -8.544216515872295192e-02 -3.659394293142130550e-02 -1.201841864137351695e-01 2.123929815364986040e-02 2.094392571739161699e-03 9.650034954548432353e-02 -3.087342901844479515e-02 9.001143164841882843e-03 2.858423811539010165e-02 -3.304899101598757216e-02 -4.656291749961998655e-02 -3.319262085656667777e-02 -3.978315663406852519e-03 -2.660120172920977730e-02 6.791342916999442217e-03 1.489015725519510225e-02 -4.120289479097204860e-02
-4.937543633231911144e-01 -5.260907665295098123e-01 -1.325023274425584097e-01 -1.538023791192959754e-02 7.701260687730340782e-02 5.016740604373128715e-02 -7.724158737999171909e-02 -6.232162060899052586e-02 -3.896780695853589022e-02 5.050401865047973726e-02 -8.096615300408772919e-02 2.417383775424443160e-01 -1.064597472949640883e-01 -1.869161012736190453e-01 -1.047251925395725342e-01 -1.662247921771237841e-02 -7.337665572220698762e-02 -2.657722623103129719e-02
-3.067730192610541584e-01 5.213751733148136447e-01 -6.214964545555066305e-02 2.195972277977322959e-02 -1.600621255480636287e-02 1.656629695908265129e-02 -2.183271208437355115e-01 -1.249113860037742024e-01 -8.719414990429415202e-02 1.700829570346109806e-02 -1.392829846589073439e-01 -1.224866043905409319e-01 -1.842792133291877577e-02 -1.812995869179454510e-03 -4.211584360765219248e-02 1.002518820702063239e-02 2.271249243694508507e-02 3.796221710590964166e-02
-1.354186161973015834e-01 -1.227712680806221091e-01 8.957831003593662578e-01 -5.454779523421142418e-02 -1.037539517999625099e-01 -5.170683021109677702e-01 -2.799114462055270550e-02 -4.322639645872470432e-02 -2.485681600575594466e-02 8.803167031305042523e-03 -1.237087676153167740e-02 2.862325829711533098e-02 -8.966871006370136579e-04 -1.320099436397829951e-02 4.828720429699911824e-03 1.381316753221455747e-03 3.806550548377450019e-04 -2.136650373104466514e-03
7.008558366858554933e-01 -1.135243999816596266e-01 -6.336032895750365324e-02 1.295188743844393198e-01 -3.044597568094382922e-02 4.780235417907841011e-03 -1.890696991054517384e-01 1.105897096157246705e-02 -3.128592017206561354e-02 -3.981301949092095477e-02 6.240171901830556672e-02 6.503087695771181398e-02 2.266668419264703666e-02 2.404077723653270937e-02 -4.757632736561164845e-03 -1.980654034763114357e-02 -1.774083217640433710e-02 6.274384515301477394e-02
-2.184239444938350372e-01 6.548116440993255738e-01 -6.547564672157525634e-02 2.270699760831071737e-02 -4.844502215402873846e-02 -3.305481580314263007e-02 -1.069247098579629608e-02 1.734510581945097052e-01 -6.744704325846660221e-03 5.035218134472092127e-02 1.579865141144096707e-01 5.907059072905530665e-03 -2.076835182501678492e-02 -2.919179191196336412e-02 -6.501282373128099146e-02 3.797651907310452268e-02 6.671137780585881250e-02 -5.644346844083988901e-02
6.877717565820842260e-01 -1.119214172175245492e-01 -6.646481118147368194e-02 1.493378876847664960e-01 -2.211641386237029813e-02 4.722842889887730010e-03 -1.902538153177235625e-01 1.316815316994009340e-02 -3.089825901585307663e-02 -2.181286839236100741e-02 5.842672491228403930e-02 5.643656263259416023e-02 1.652932751994342850e-02 2.814975875424933702e-02 -2.161545003233077827e-02 -8.432996482271408467e-03 -1.575327916698913977e-02 9.068826792542813986e-02
-2.851409329655306135e-01 5.714554349374605380e-01 -3.342696280423244903e-02 -1.162065479091727027e-01 2.309107623661917075e-02 1.213162494563982917e-02 1.304811120660740731e-01 -3.880611953247676410e-02 1.180401470116800300e-01 -1.516587699701300862e-01 -9.479862909960443118e-02 7.636882451957391349e-02 1.279176269132260568e-01 -1.437441434635993581e-02 3.314989326665544744e-02 -1.413702786565716567e-02 -7.714446884165561402e-02 1.187979412596306024e-02
-5.076813914536010275e-01 -4.643054338033476003e-01 -1.341955224543139591e-01 -3.979454636964398911e-02 -3.931153138885540993e-02 -3.036320722685266829e-02 8.885386619543138298e-02 1.228031342126674613e-01 -1.065280004304332145e-01 -1.795503077179521345e-01 -9.590180059074487895e-02 1.207939064887640357e-01 -9.484769468465402420e-02 2.101153044429640571e-01 -3.759165219923491646e-02 -4.987559702599546341e-02 1.062185639336953730e-01 -3.338527677169653238e-03
-4.962552125225064836e-01 -5.278420298611737893e-01 -1.434044562613406848e-01 -1.178707034599831005e-01 -1.509967155989472842e-01 2.095673944576977379e-02 -8.704124127296060387e-02 -5.169750974763321488e-02 1.829943185691669250e-01 -6.010346830339978160e-04 -3.790813050697225146e-03 -3.021987204562228552e-02 -1.072166342280660503e-02 -1.327561930516605315e-01 1.446826714265790903e-01 -8.079265340412382368e-02 1.628398481086096583e-01 1.636492341598449682e-02
-4.798018866215154610e-01 -5.266317367809709715e-01 -1.316309862621760640e-01 -2.572060642984594359e-02 -1.409225011369238389e-01 -1.049240414269368184e-02 1.490144549871899038e-01 -1.835273982498894507e-02 -2.437233743411175435e-01 -2.111788284066388188e-01 1.439029090737038996e-01 -1.716477851130258081e-01 -2.431045303068510299e-02 -1.086760620725827214e-01 1.680667479869468392e-02 1.081358823354602004e-02 -7.063518215067747519e-02 1.769278619782796783e-02
-2.502995738899770339e-01 6.328586014574122398e-01 -3.087859059744819251e-02 -9.800100220950529184e-02 3.920613267874865915e-02 6.689635249045569089e-03 1.266244086089750309e-01 -1.223028270143435292e-01 5.838053269783399085e-02 -5.385826088367377112e-02 7.787744263622574381e-02 8.635042891290650724e-02 1.058177312772449891e-01 -3.242459415427557425e-03 -1.160062509524378491e-02 6.438473300582570231e-03 1.144201071713329444e-02 6.578150402029954436e-02
