1.429992419800618364e-01 9.592416317619709698e-01 1.938497367622744050e-01 -1.378627126006623863e-02 -6.004003109815941874e-02 -1.117840315425943764e-03 -2.214008176011466635e-03 -2.098142276456466462e-02 2.774857409550771439e-02 -1.619297432089168362e-02 5.417533103010800394e-04 1.062415250956513964e-02 -3.170592851374249427e-02 7.145750744907599337e-03
3.028161079782785703e-01 -3.066497459782313584e-01 4.608355599230592459e-01 1.002142499232164252e-01 -1.319934828988464370e-01 -1.048226065639759896e-01 -3.647664573512940378e-02 -3.454367060973390635e-01 -1.532847905189265725e-01 9.236975486192318396e-02 1.337723559552776720e-01 9.566184648581819994e-02 -4.401994219468881309e-02 -1.146615022956165852e-01
-4.778550215499477449e-01 1.089049957116255442e-02 -1.909303472803173737e-02 -6.163503100035701981e-02 1.219830734435089215e-01 1.699281556077034405e-01 -6.098377839166888720e-02 -6.802177765241766705e-02 2.318903155840270902e-01 2.355468793934201166e-01 1.442460203647716599e-01 1.594734916408238265e-02 1.511966523184962163e-01 8.844882949517306886e-03
5.258026504460019401e-01 5.551808415845886635e-02 -5.158281668712033641e-01 -4.165031307251721993e-01 4.185873792858472164e-01 -1.871406319466437373e-01 1.110859671431329992e-01 -1.842445584726633279e-02 -1.795700402417824137e-01 1.257376792815150801e-01 3.359198689032769775e-02 3.354113847753947830e-02 -7.471985909298478959e-03 2.500857688401793635e-02
-4.353786170340445127e-01 -5.902942390716646448e-02 -1.790164147548194834e-02 4.899259832560066280e-02 -1.301385209637533902e-01 -1.175082546657378046e-01 2.694260828919272516e-02 6.261833767683518126e-02 -2.043031305721033641e-01 -9.507197836890840525e-02 7.961753008740737880e-02 -9.207087770636054880e-02 2.123711178626163099e-01 -9.735045607749284388e-03
6.564529273954011757e-01 -1.170060594737034054e-01 -3.671851051699684954e-01 -2.782720660178171768e-01 -1.176403141619514620e-01 3.789077283034650995e-02 -2.768091083280199358e-02 -5.836590860162533395e-02 2.383908374854651624e-01 -2.336042369560255294e-01 -4.900317530456622939e-02 -5.363707295414064241e-02 3.388494989723009332e-02 -1.577905210422173576e-01
-4.496137832259253231e-01 -1.043519869412900952e-01 -5.377527721279038581e-02 3.788790145146971738e-02 -3.500313649641762642e-02 -7.595566322375535417e-02 1.565686711722276414e-02 -2.302746618859342551e-02 5.892990895369420393e-04 -2.056916909282969011e-02 -2.412076908874395964e-01 1.794962934162879498e-01 6.073883585802720281e-02 -3.482185389076482025e-03
5.415474627851643019e-01 -1.654787666371206111e-04 -4.501440278671305917e-01 3.929892126824657272e-01 1.134461655676862746e-01 4.271513453458052889e-01 -5.040897048774348882e-02 -2.219109409203061031e-02 -1.936047117710386067e-01 -4.641972129201298730e-02 -1.219112651923659821e-02 4.325080367562020300e-02 6.166411997511098142e-03 6.234565959706506177e-03
5.902733564710115344e-01 -2.757135176348622929e-01 1.948085495720650040e-02 -1.438547687913638851e-01 -2.890343767979544065e-01 -3.248462638764001032e-03 -7.171703989880791330e-02 -1.762969408419550466e-01 6.127408317618245753e-02 -5.152542864151989782e-02 -2.138851972742526492e-03 -4.272404979438895745e-02 8.199021968445479105e-03 2.331101160857745880e-01
3.148914090782953812e-01 -1.943170158940666914e-01 6.084612696218960615e-01 5.976590027470295857e-02 4.408038456381573322e-01 -6.700688518151397266e-02 -3.559626054450267807e-01 1.088798870442798661e-01 2.478550443535684419e-02 -8.946743344846058710e-02 -7.061148355257453046e-02 -5.902601472723894432e-02 1.144420020670844015e-02 8.661000848593126619e-03
-5.381958550046279655e-01 -4.689087659718207957e-02 -1.175389396156001770e-01 -2.397364750647230577e-02 -3.995549622595552519e-02 -2.658032589029089843e-02 -3.420598261496974463e-02 9.315287849310303903e-02 -7.844184112406078768e-02 -1.551325015105559646e-01 1.549298669207478940e-01 -6.456673052400685453e-02 -9.793542512271230516e-02 1.545801152659612501e-02
2.714418646295820303e-01 -2.521152676081203636e-01 5.350796537344829629e-01 8.929944640507876674e-02 1.839100362812249867e-01 8.235253748059882806e-02 4.867968711794027348e-01 7.192671785514324900e-02 1.064014443233612800e-01 -9.437284620324740136e-02 3.021292608922330342e-02 8.812089510615015928e-03 1.702367162328403960e-03 2.379204733037911662e-02
-4.858570325770222298e-01 -6.649135097698248564e-02 -1.545073217296266122e-01 1.691270611930245291e-02 -1.305834033511512997e-02 -4.915992267467677451e-02 -4.087161365062306345e-02 9.694418255103215420e-02 1.599541156529669592e-02 -1.408869992414684136e-01 2.418694606810231351e-01 8.439245262960747007e-02 -5.363587093663228778e-02 7.649547166331625153e-03
-4.987034242785496896e-01 -9.379937980195490743e-02 3.121183849832500495e-02 -4.634759479576086583e-02 -8.736030660659804088e-04 6.941918427947219028e-02 5.386645047620709781e-02 -9.027047703441307136e-02 -4.827572155050353919e-02 9.126907869036457455e-02 -1.412053755690349799e-01 -1.862416354170994826e-01 -2.914175446452025101e-02 -3.445562642946402993e-02
-4.869295924976570489e-01 -1.006226195942687973e-01 -2.680684217309321424e-02 -8.028406280142041593e-03 -6.812793022147477229e-02 -5.144440127789730310e-02 4.871855635930080058e-02 -1.116956071560318633e-02 -1.251482609755290853e-01 -4.996521715415565973e-02 -2.158847883249174482e-01 -3.394642458396555321e-03 -2.441539218056885258e-02 1.143220681632885379e-02
4.969426818462275852e-01 -2.408560742725402715e-01 2.123857785347987859e-01 -2.096651550498091765e-01 -3.441627593517906369e-01 9.620988553693045342e-02 -4.494017513297315913e-02 3.773474381461886518e-01 -7.484386997307974909e-02 2.114279168457985636e-01 -1.056324441499656777e-02 4.478346851531558870e-02 -2.275393412475743699e-02 -3.780759379949953647e-02
1.426499070483701892e-01 9.403622387646147773e-01 2.327191951022806460e-01 -2.633684375813764508e-02 -7.232576902766711668e-02 2.917180682685363872e-04 1.046831740319759639e-02 -9.439732680685609598e-03 -2.836920675591237881e-02 -1.513048431613188242e-02 -1.443862861106804188e-02 7.363101792766124816e-03 1.684964695432476789e-02 3.893912672407755151e-04
-5.545695213096709653e-01 -4.338929338045974249e-02 -5.008527462686679366e-02 -7.659061249109273828e-02 4.228964570332471168e-02 1.257508783443672673e-01 -2.525047863176299416e-03 -6.132628581715968835e-02 6.409480914590809375e-02 1.169375297787045020e-01 -3.795816492794845329e-03 -1.461682677711098055e-01 -1.158823399133440402e-01 -1.004816478574609498e-02
4.415071269654138320e-01 4.459324753172936966e-03 -3.861986319021997738e-01 5.570558202796520586e-01 -5.730959623892006860e-02 -3.171338980265623331e-01 3.112808266464319601e-02 8.063888790266802997e-02 1.584565925903039241e-01 1.397217333646279536e-01 -7.818775059453752715e-03 -8.210625488293540886e-02 -2.021567899333960236e-02 -4.135332963462272013e-03
-5.002218891463625638e-01 -6.907368818191478299e-02 -1.349596237623288120e-01 1.875692214701958887e-03 3.864321096432259128e-02 -7.875585088248909099e-03 -5.667694240336744460e-02 1.344349866440409068e-02 1.562147019919902791e-01 -4.671581670145419363e-03 -4.992294359025437056e-02 2.060628500584599510e-01 -5.537495187208365394e-02 2.438987473343799325e-02
