6.909472188797513015e-01 -1.815469741705920126e-01 -1.302578732179810461e-01
6.911741623826546110e-01 -1.797210528756630066e-01 -6.811135854524713595e-02
6.937244271107877447e-01 -1.790151308416522702e-01 2.185001361832527439e-02
-6.858387086164826618e-01 -1.568735318758963937e-01 2.177069144840184777e-03
-6.814788835525779076e-01 -1.532504040830188485e-01 3.201549058573152553e-03
6.879199563608019430e-01 -1.746245535381135416e-01 1.038234523356853789e-01
-6.913539431088722154e-01 -1.631866910269973159e-01 -1.492907409528568740e-03
-6.901646639427354568e-01 -1.607874472765038198e-01 3.415698166158105719e-04
-6.903155586616551709e-01 -1.629440249492015436e-01 -2.494099939808952287e-04
-6.901119051338050481e-01 -1.622059913717434076e-01 -4.470257650246730967e-04
1.457889134886316759e-02 1.002611726974800277e+00 -7.742255018009336180e-03
6.467978912906836575e-01 -1.458398823872433248e-01 3.275491430649640767e-01
6.819223569999665058e-01 -1.823468375098993288e-01 -2.013171506409041911e-01
6.893812011503227533e-01 -1.748693290301900627e-01 1.008999122681759897e-01
2.352001827122801592e-02 1.004939518119364106e+00 -5.504560756774367486e-03
-6.897183413302753197e-01 -1.642643367175582181e-01 -3.746755847929505306e-03
6.795394675596757583e-01 -1.671636758074001583e-01 1.713209666499805051e-01
6.642456941526226899e-01 -1.732435071662824511e-01 -3.153634368937839327e-01
-6.894002906740765990e-01 -1.630595405520863239e-01 -6.219959957223392946e-04
2.818789851168943678e-02 9.976512338820254788e-01 2.211119835782102052e-03
-6.835568889985678132e-01 -1.602595677961469178e-01 1.479934291943666314e-03
