-6.412850831970281495e-01 -4.224242522997714300e-01 -7.637556840621569088e-02 3.016815936571126591e-03 -8.852430923027991561e-02 4.633156361319537911e-03 2.166024812570788508e-02
6.911168494488475478e-01 -3.123880380737474316e-01 -3.142355444649994056e-02 6.682357840359342757e-03 1.807162254704202178e-02 2.827240675209153481e-02 6.054075876790423159e-03
-6.142379539871521965e-01 -4.080812746657409562e-01 -5.674656974310303414e-02 -4.284209098951619228e-03 6.872740275828878587e-02 -2.768960843642363431e-02 2.097888481850877437e-02
-5.838048542637278016e-02 7.589576799791926121e-01 -3.821432652925689510e-02 1.022168370320378356e-01 -4.683040980083504057e-02 -4.729109819448888696e-02 5.929605726730308862e-02
-5.744372857168533048e-02 7.394889383247128523e-01 -6.362763681091822277e-02 -1.198516376768967578e-01 -3.877429518628811717e-02 -4.068663113959744559e-02 5.318167018572869664e-02
7.012861458454811014e-01 -3.179204812626506560e-01 -3.068961559104417883e-02 1.539835971131978641e-02 -4.828784133086260616e-02 -7.069600752032392799e-02 -5.806177939374169983e-02
-6.326005646394274040e-02 7.432850118071155920e-01 -3.945773478734670991e-02 4.278608618086249954e-02 1.602614875122223073e-02 3.240901961039568263e-02 -2.744828484879666478e-02
6.920774539173123463e-01 -3.156323621503047683e-01 -3.060880478333341884e-02 -1.853306033029329149e-03 2.449024881189900554e-02 3.804502944305442752e-02 3.227502768572183822e-02
-6.350146816906083735e-01 -4.171471823319848338e-01 -7.289492156429526470e-02 4.644231356622305004e-03 -1.914278859433287544e-02 -1.795407945936191782e-02 1.881825709181371778e-02
-6.314496826406696961e-01 -4.194421034109876989e-01 -7.431962022219071318e-02 2.689808839708636955e-03 -8.790442410250188729e-03 -9.977700749261334337e-03 8.327913106207193369e-03
-6.370337480767904736e-01 -4.283914948751253449e-01 -2.703084486454705726e-02 -3.000217731978237906e-03 -5.187473214878013383e-02 2.207933819541739104e-02 3.390187124768112310e-03
6.614013465369867895e-01 -2.889111871939598064e-01 -4.355407944672724796e-02 -2.715481759032032510e-02 7.231671987631416165e-02 1.050019074264554320e-01 8.230922787571215427e-02
-6.343109391381501760e-01 -4.308146145381832048e-01 -2.645667258107943162e-02 1.282793216200436501e-02 -6.311785863997600166e-02 3.377242878411618188e-02 -1.203013006863548444e-02
-5.915731409994983148e-01 -3.802827191609765012e-01 -7.495088956601125840e-02 -1.359038129370539888e-02 1.869136228103491781e-01 -9.594401207097812134e-02 1.117739896438189190e-02
-6.341133486447160239e-01 -4.220732940584583925e-01 7.049717117786598666e-03 7.473545799373247991e-03 -6.302890057784510391e-02 5.749593877965886168e-02 -8.129957192574602254e-03
-6.131282551444754148e-02 7.008321667897990936e-01 -5.853693648815732481e-02 -2.169664495214070621e-01 2.805256986861683760e-02 2.851726407607033456e-02 -6.885381856252476007e-02
6.995123873954539606e-01 -3.253655521312928123e-01 -3.189054521633095940e-02 4.048081496102514353e-03 -3.806849109697367506e-02 -5.553231572751213957e-02 -3.875232612654549297e-02
-6.464516872940290204e-02 7.074863179037725880e-01 6.507058009853616647e-03 3.636470499431719849e-01 3.296471866351195074e-02 3.193726360564293903e-02 -4.189004473485134772e-02
-6.206103677348304842e-02 7.241429411941389116e-01 -6.777929994142653514e-02 -1.680342891902229241e-01 -1.544285005433623618e-02 -2.562951256352690929e-02 2.065379073323510631e-02
-6.290915960718161948e-01 -3.967367371764699557e-01 1.061655395142650088e-02 4.841001800716901796e-03 4.633490037791413579e-02 2.653838298574977272e-02 -6.421593175771632411e-02
-6.393367643010079704e-02 7.125818837725856891e-01 -6.527219778541934816e-03 3.504117191833436284e-01 1.241922204516031532e-02 5.253055551593275793e-03 2.128736850175438292e-03
6.991718167621207014e-01 -3.037822947854622035e-01 -3.774148860128635069e-02 8.744143556751012708e-03 -2.037594272353111108e-02 -2.502592213668016971e-02 -1.636583603259516087e-02
7.023633025997507717e-01 -3.179606184112120371e-01 -2.967822853484599829e-02 1.234447029751573749e-02 -2.637952423873737504e-02 -3.563010871505835342e-02 -3.202236310200376468e-02
-4.599316253286550582e-02 2.011434324623342582e-02 1.091782486343306768e+00 -4.387650058001805325e-02 3.925394191373955330e-03 -8.592079795076741286e-03 7.934021456810411849e-03
-4.907052245133103341e-02 6.804364899659520738e-01 -6.643429568668034191e-02 -2.533759504420311504e-01 3.356918687547213315e-02 5.365846644757887168e-02 -5.187314007235771518e-02
6.914366604819945916e-01 -3.027225658819728271e-01 -4.665560132621838357e-02 -6.670161545725848597e-04 9.817108732935628593e-03 1.669819798495218027e-02 2.297308213120333523e-02
-6.019839148298810477e-02 7.478871994781884913e-01 -5.327042186595923323e-02 -9.010406231453976789e-02 -2.986184498874028259e-02 -2.968162442185766706e-02 4.254177542316314731e-02
6.960432658351002333e-01 -3.251362000533901120e-01 -3.109093864035743227e-02 9.863964912123930878e-04 4.871364711668426002e-03 6.018844926050316048e-03 5.943257175112000822e-03
