6.949748532671712331e-01 -1.591244652471182075e-01 -2.622250351545641484e-02 5.060449452499007905e-02 4.506695460895309563e-02
6.905864771028678017e-01 -1.567078493543350437e-01 1.010862421364424335e-01 -1.037122177694388137e-01 2.728686682391056467e-02
-6.661248363324625554e-01 -1.555201578753868108e-01 1.599874306938463830e-01 1.250431668948697728e-01 -3.149987115852652397e-02
-4.366734105846828418e-02 1.024279700175097396e+00 -7.950773865505200017e-03 -6.654995012424427944e-04 -1.824333047355107497e-03
-6.790018844840293166e-01 -1.711081586310004010e-01 6.856722885047178417e-02 4.625199462819684637e-02 -1.797346151337108483e-02
6.914722565091340201e-01 -1.603938604786205868e-01 2.457934037515757328e-02 -2.248799487456498020e-02 6.042986145164256674e-03
7.056369085991806012e-01 -1.582216262783993910e-01 -4.290215752064578669e-02 1.989315460408422331e-02 -5.540308477747480503e-02
-6.874148088678843083e-01 -1.837436159821512482e-01 5.849861344726050259e-03 -4.630934661086098802e-03 -1.270274534459247748e-02
-6.915235615621484477e-01 -1.847575705794149148e-01 -5.463457622256899515e-02 -4.928933197723139870e-02 -2.091697475292510536e-04
6.840833983138323582e-01 -1.473110991411675785e-01 -1.518183006723077683e-02 7.424681037578972909e-02 1.635624486181840587e-01
-6.702286264022370155e-01 -1.975046962312248522e-01 -6.614188930502655495e-02 -5.045859479978553885e-02 2.296776300319771855e-02
-6.890613401124779935e-01 -1.866572680329468548e-01 -5.044555130153646587e-03 -1.969790296365762135e-03 -8.103285579750856699e-03
-6.645817791411543496e-01 -1.873722025505676347e-01 9.450765417841493904e-03 3.276185785206327944e-02 2.649497911852263105e-02
-6.790881266393513638e-01 -1.937750546523169526e-01 -7.043142652163078554e-02 -5.155465553242262466e-02 1.301312311993458801e-02
-6.850428394240123398e-01 -1.961719902563646700e-01 -4.385805306484902993e-02 -4.080471638860914962e-02 5.875734099059896215e-03
6.912116684605749128e-01 -1.564737060470365315e-01 9.338276712068695196e-02 -1.077234972080043096e-01 -2.871365641383462688e-02
6.994585983600147827e-01 -1.599345194163201977e-01 2.080013844885446328e-02 -3.712830502788329323e-02 -2.303215287892709101e-02
6.995116558281440078e-01 -1.576437475633207241e-01 -6.685455321268073126e-02 5.536479449239745110e-02 -6.523336082016027715e-02
-4.682976178665254618e-02 1.024218051602775681e+00 -1.071955435067751053e-02 -7.403948467158108677e-03 -5.878204337521202331e-04
6.984178095783104556e-01 -1.525716666265187760e-01 -8.656129557594402502e-02 7.115746063680236655e-02 -6.772209449204084908e-02
-5.278872020835092410e-02 1.016495503166337855e+00 1.279939396434254771e-02 2.505752494598696613e-03 2.694180670388086202e-03
