6.283579008908651842e-01 -3.144934391558896758e-01 2.067942183762955244e-02 -2.489007283920742844e-02 -8.369284010194806209e-03 -1.123625167722811652e-02 1.330540344536407585e-02 2.546479299744558444e-02 5.190084451520945302e-02 9.755579569947997118e-03 8.636023264800628957e-03 -3.492924847093488439e-02
-3.009997490193466740e-01 2.248099949156922850e-01 7.222933379773139873e-01 6.735969462182647693e-02 -4.659560121180936210e-02 -4.451685551603997704e-01 2.016265155537911025e-01 -9.598764498090334163e-02 1.820366420342218322e-02 -2.233316356102517386e-02 -3.613587020560875968e-02 8.455457696722667397e-04
6.111696918107856202e-01 -2.652467695527030433e-01 1.973992863761361155e-02 -6.469588756023336718e-02 -2.073733598775751377e-02 7.930705107990324715e-03 -3.892638075617327331e-02 -3.300745322100401280e-02 -1.017569860479322352e-01 -2.050015606407096930e-02 -1.475766520035018750e-02 -3.778806669645391053e-02
2.063256667851956772e-01 4.317356862247409000e-01 -3.093462629158402755e-01 6.335722404540230501e-01 -1.115092255729784460e-01 -5.655455339545065879e-02 1.024926860892426406e-01 8.401147976489813096e-02 -1.470893353089593007e-02 -1.740972571747748674e-03 -4.031741931386026434e-02 1.459332681799051712e-03
7.729169374238840928e-02 7.021456982374650879e-01 -2.619356512214641164e-01 -3.248776873511783903e-01 1.383919878042423335e-01 -2.024030848457545606e-01 -5.620999987926385971e-02 -2.801558450286945642e-04 1.323692585776265959e-02 -6.247790203946356792e-03 -5.400778484790316747e-02 -9.004275495237632756e-04
-6.216917978665877920e-01 -2.801022652013060998e-01 -8.362075567508520102e-02 -2.593758886677467734e-02 -2.839391886923988556e-02 1.724056723562623905e-02 -9.997392371300473785e-03 1.762318730544932405e-02 5.986678486227600335e-03 -2.476204561326060191e-02 6.236496349457752893e-03 -2.275696754735989646e-03
-5.945777403192649135e-01 -2.504888024186427420e-01 -4.271492098054874981e-02 -5.056496647555962579e-03 1.685459576892323411e-02 -1.639822330488270846e-03 -3.809586348573905205e-03 -2.666787215194618352e-02 -3.071791614821801908e-02 2.018966307158546469e-01 -2.352768142625906098e-02 -1.331917247191127113e-02
-6.187016611391268350e-01 -2.636352775467409870e-01 -1.093051644591508109e-01 -3.192728213116405311e-02 -5.328666444378245964e-02 1.609917847471703176e-02 -1.345443472945816697e-02 2.628684410615811720e-02 2.623706031922183254e-02 -1.312931465749633819e-01 2.792122029422161589e-02 -2.804328035201739122e-03
6.039599653129996693e-01 -2.800682023027029621e-01 9.536180814303421571e-03 -3.235319837312069374e-02 -1.726140186170896720e-02 -2.758314470238916374e-03 5.533146567391660636e-03 -2.937253907709508165e-03 -4.844249080293951126e-02 8.049531477960492759e-03 -2.354402642143437179e-03 1.125527104416061547e-01
1.659740857402123571e-01 5.231698953642344163e-01 -2.949390024326039583e-01 5.853995713346402674e-01 -1.245061518201731193e-01 -3.561553483639259832e-02 -1.400681077218171762e-02 -4.732102932352341695e-02 -8.037131979204676854e-03 1.415912581136097772e-05 2.744535126541304895e-02 -5.466974266099789218e-03
-5.939151641795593212e-02 6.826564031176222125e-01 2.393016248860409256e-01 5.840335795910466671e-02 -2.078695842432870811e-01 2.203691638074075920e-01 -2.693470854058900854e-01 -2.037448511785768801e-01 7.116825214989568049e-02 -4.091000898123755072e-03 -9.945198017920146849e-03 6.251351718561630813e-03
-6.053099973973554704e-01 -2.741916024103055460e-01 -7.953204780122379025e-02 -2.604442951233922054e-02 -3.708928864609450232e-02 1.359009543324067766e-02 -5.643483242988998200e-03 8.416257551069797989e-04 2.578238215059116840e-03 -1.856487466867193237e-02 1.599967747280636003e-05 1.995122385347282076e-03
6.318716800266253042e-01 -3.268739481854154860e-01 4.033747774703169697e-02 -2.901473999660152472e-02 -1.086594501368662834e-02 1.561281456827654825e-02 -1.117432097352099793e-02 -4.196391006668619486e-03 6.610067305720418451e-02 5.920646729916584534e-03 5.416128351951480201e-03 3.055681632965335614e-04
-6.076282843605459449e-01 -2.784409330837534502e-01 -8.743549948192405608e-02 -2.728105313020082884e-02 -5.798431243785732297e-02 -4.988881715259285525e-03 -9.341784650912031418e-03 5.674153650275297507e-03 1.337739399804102440e-02 -4.467169839361355421e-02 1.639155010273092919e-02 2.556857369911474769e-03
6.073351749241642228e-01 -2.611213580974012793e-01 -3.347735468866168233e-03 -3.921064800034664705e-02 -2.220483495682467820e-02 2.602361267984483126e-02 -4.981678770328917642e-03 -4.648145256837474260e-02 -1.427495595608952450e-01 -2.180788513789147509e-02 -1.313820156388460780e-02 5.440879425173721778e-02
-1.636052055281574102e-01 5.051363918227624872e-01 6.330378086982958452e-01 1.606633483575243410e-02 -2.428084768743515032e-01 1.230969737149592985e-01 -9.794339947061433960e-02 2.187332816722509787e-01 -6.107565444869954285e-02 2.280410029605006370e-02 7.325604487189468772e-02 3.382581968925531236e-04
6.216846167446720556e-02 7.132124080999828752e-01 -2.063284781198719275e-01 -2.995854267064729792e-01 1.114147019877266692e-01 -2.151666939799256051e-01 -1.544759464880868238e-01 1.154057546319140204e-01 -1.139313976400649873e-02 -8.575679964890545182e-03 -7.825055747851603072e-02 -2.436826462637949661e-03
6.321695884541136401e-01 -2.897944375838588105e-01 -1.510334746413633921e-03 7.429006309924074403e-03 -1.210704616659134814e-02 -2.177339579912728612e-02 1.472440770607624620e-02 5.577000970054600548e-02 1.354289237620794617e-01 2.646179165834364189e-02 1.920297249859468161e-02 -3.390311134343611255e-02
6.096531035004303378e-01 -2.788193769006628853e-01 3.691511828745609736e-02 -3.325809307911527235e-02 -3.196128282150011157e-02 -5.348623875163453908e-04 -1.013129576712753881e-02 -2.820324702829085303e-02 -7.716680892744068321e-02 -1.372025004972802706e-02 1.320254886567242452e-03 -7.804528128762004691e-02
-6.088989820892775073e-01 -2.644915799715153448e-01 -7.501445293968359018e-02 -2.166652083058965769e-02 -6.200063670462961640e-02 3.346738975321002056e-03 9.799648368351699182e-03 2.956155598247366383e-03 5.662936471738349263e-03 -5.746926149573683418e-02 -3.872145838883081503e-03 3.203333739565699962e-03
6.268689731526760900e-01 -3.353504764479691147e-01 3.568043393852116107e-02 -5.223004181380117017e-02 4.257376167754321934e-04 4.924094595088284593e-03 -2.102235652310484662e-02 -3.217435971368644287e-02 -4.024420505641382317e-02 -1.912944846272455340e-02 3.756610746756255535e-04 -3.174313053323284811e-02
9.692596994397989496e-02 6.880474849843366547e-01 -2.727058171711531642e-01 -2.838330317435718841e-01 1.096208918218986861e-01 -8.159175603309173908e-02 1.340216519478273915e-01 -6.392456211900514329e-02 -1.121114014519039928e-02 2.969104444866240561e-02 1.834713600800741140e-01 4.456189050860058509e-03
6.278406147553386996e-01 -3.288048267866050534e-01 3.397535321027776029e-02 -2.088660928112989063e-02 -2.297711670982271939e-03 -1.217349280076634489e-02 -5.278943040233044677e-03 4.658507685700770395e-02 1.500490338270294710e-01 2.408440904303403921e-02 -1.480443940236818431e-03 5.231670084944605587e-02
4.673670992327078749e-02 6.213194394762397987e-01 2.851510723283680326e-02 -2.450754707212144390e-01 -4.020516488879180561e-02 4.783822782144487307e-01 2.943256227392948010e-01 7.267082528699854308e-04 1.497721580379217203e-02 -1.258790415967364976e-02 -7.925420325395504673e-02 -6.021518991846074031e-03
-2.155750034310242313e-01 2.928790650049239996e-02 2.504162601430480750e-01 2.759159343569960177e-01 9.033142228731877443e-01 1.416050578668829607e-01 -4.536556370624642009e-02 4.665931980993560588e-03 -3.959289167766034089e-03 -1.564085874088909714e-02 8.841756416711421540e-03 8.574109341384632699e-04
-6.098666841980135978e-01 -2.666440691161731658e-01 -1.010069973103323443e-01 -1.308635210155523892e-02 -6.730060700572357280e-02 1.396961404367739502e-02 -5.944426637642613240e-03 -7.510706943678210033e-03 -4.039088265706870275e-03 -7.376778416079103097e-03 1.250955048139018588e-02 6.970429314265036078e-03
-6.121498051023565035e-01 -2.839992318597162058e-01 -6.540096969063395604e-02 -1.775831536058958618e-02 -3.164466513820669152e-02 5.528271730469424931e-03 1.050527091519297667e-03 -7.183918360500223498e-03 -1.848102336973657042e-02 7.936887551716463596e-02 -1.935170458106509270e-02 4.363817730224391241e-03
-6.162528537685005858e-01 -2.789547121222062387e-01 -7.628396299557251015e-02 -2.547719382550357736e-02 -4.302299752658241688e-02 3.886032983688922620e-03 1.752800247886591512e-04 -5.124103924266463356e-03 -9.244734516371601622e-04 2.246614639429096727e-02 -1.464709130537058396e-02 -3.247639733689698487e-03
