-1.931139954065200781e-01 6.756959707514884617e-01 -2.906415069756498881e-02 -5.499382094229069567e-03
6.934202021824615869e-01 -2.716698505676166595e-02 2.546614444141642080e-04 -1.674078925975271571e-03
6.963356722061211368e-01 -2.253429507289421083e-02 2.774452475148365266e-03 6.073572004248794847e-04
-6.671497849205501041e-01 -1.700338026246520085e-02 2.075962101063678900e-01 7.571163316957512865e-03
-6.781175215963185510e-01 -5.516218085517210490e-02 -1.285148264581142397e-01 8.624246551749292777e-02
6.945290842544237231e-01 -2.557686553348192254e-02 -9.515741588113758951e-04 4.188343321160106726e-04
6.958143741170155216e-01 -3.048976332517781135e-02 -1.887912033499304296e-04 3.130682384937467293e-04
-6.696366568311801215e-01 -7.638889139277588169e-02 -2.134612899554992338e-01 3.548151335453148675e-02
-6.807587956338152502e-01 -3.247061304323347469e-02 7.168285141822698658e-02 -1.251231159664335617e-02
6.959432099993033694e-01 -2.110417098449177825e-02 4.353420484968302702e-03 7.404766496484771606e-04
-6.786032510555337627e-01 -2.365283163140050743e-02 4.049246893389602669e-02 1.394456341943335342e-01
6.952207520314028777e-01 -1.960396500294382324e-02 6.589759993115470440e-04 -1.481816868884751424e-03
-6.671385384643957472e-01 -5.965852475309185027e-02 2.194506457801743415e-01 -1.196930244187540326e-03
-6.743652373287896129e-01 -6.400241539439112393e-02 -1.416114951576347425e-01 -8.390722327921519563e-02
6.956583152523545532e-01 -3.582474297909245264e-02 -1.886710966381264867e-05 5.744882239345861039e-04
6.974619962611739998e-01 -3.230201045238930563e-02 2.234374529971933435e-03 1.873547001788515012e-03
-6.753607859091235177e-01 -7.634323394567547882e-02 -1.434993227371322289e-01 -7.428857428051426071e-02
-6.761768018258793589e-01 -3.384859879149298284e-02 1.080924614295116493e-01 -9.353756792912093498e-02
6.960377626678516672e-01 -2.256250227455711826e-02 -2.802051242208626050e-04 8.293371890487581796e-04
