-5.501404119532590231e-01 -8.837853586193152033e-02 -2.325842171863710256e-02 -2.298897662937253103e-02 -8.458622291517380390e-03 -2.492200954354694548e-02
-5.398811506752059231e-01 -3.428753803339252421e-02 -3.365271283818182385e-02 7.928058294510538506e-02 1.325484488394003402e-01 -1.246723668251955783e-02
8.420258089421016612e-01 -3.914596488972946903e-02 -1.501994423021929320e-03 1.043581523724756727e-03 -7.009350208415837452e-04 -5.235291989168038267e-04
8.418666910547947246e-01 -3.872355782744723446e-02 -5.096521565812296012e-03 3.659929751625180963e-06 4.597901715796582646e-04 -7.122031168313309709e-04
-5.474530817663419979e-01 -6.699886691429304819e-02 -3.125569624548450720e-02 -7.727366457286122432e-03 6.337137274307515222e-02 6.567237229174466284e-02
-5.466781663305221306e-01 -8.160554366181729802e-02 -3.640723340224169546e-02 -9.035044581936022001e-02 1.971781828247603022e-02 -6.312833346683376090e-02
8.385438114610295202e-01 -3.850800708465805522e-02 -5.092423093803825386e-03 -1.960835812988356072e-03 4.433793232427814084e-03 -2.519652578510442179e-04
-5.448448270438099872e-01 -1.267488102015330298e-01 -3.442593009489339217e-02 -1.100613983111811828e-01 -3.017405418047380480e-02 7.527046147179146385e-03
8.407999897415469048e-01 -3.723291326819453545e-02 8.573387732956939955e-05 1.807098735927856236e-03 -2.364395254504985701e-03 -2.839805637879169883e-04
8.406082119254094653e-01 -3.680136694711309830e-02 1.084171274056408736e-03 1.290224080002940225e-03 -1.472082789505306825e-03 -1.347496347231763201e-03
-5.506889962014912543e-01 -7.689441065183331980e-02 -2.421768465187964722e-02 -1.346696173031126410e-02 -6.899454173350870294e-03 -2.402819691671518286e-03
-5.419203012206079695e-01 -5.274855686817072481e-02 -5.444940495486364634e-02 1.439429601789077307e-01 -3.545629840613969720e-03 1.017558664420796163e-03
8.405068492941469849e-01 -3.881065852151689005e-02 -7.172939181068205272e-03 -8.435454245681252468e-04 2.560289347647973224e-03 2.173952920757318309e-03
-5.439028333401565440e-01 -7.883998030304086024e-02 -3.463324588258254871e-02 -1.258542704951767510e-01 7.109856604356486198e-02 -1.123552817907984801e-02
-5.416300789885338807e-01 -4.616140529444322932e-02 -3.505125259265692850e-02 1.268709135353391360e-01 -2.637065475830470754e-02 6.135618143226342219e-02
-3.762262100347694704e-01 1.912718159589804068e-01 6.373379112842578742e-01 4.504756979303989849e-03 -1.416439000003453207e-03 -5.473280655994633903e-04
8.422699709657962552e-01 -3.341258225138168253e-02 -1.059133609247028644e-02 -2.421590395202562022e-03 -2.824357382887963085e-03 5.256906944450658731e-03
-5.405805470336316754e-01 1.329820032922478766e-02 -3.815419895492373065e-02 -1.205571022065126258e-01 -5.546499050614671356e-02 9.205818054445728815e-02
-5.494311099961155520e-01 -5.094888107569227331e-02 -1.522796634748830105e-02 -7.135806302667133290e-03 -5.683423273544532806e-02 -6.022674900119402014e-02
8.417480026112529323e-01 -3.861999465234486340e-02 -4.817152778818253704e-03 5.130197960523223428e-04 -2.844767160801708861e-04 5.637798217154665415e-04
-1.020260471138880326e-01 9.845086820301247599e-01 -1.544396023031136544e-01 -7.884859070879471701e-03 6.287897226275747625e-05 -8.538654924811196062e-03
-5.467877973786933188e-01 -6.351577343388979668e-02 -3.584111960132179558e-02 1.024309720570747428e-01 -2.717815230097951965e-02 -9.205775697937065155e-03
8.408283936483315069e-01 -3.752465405428025841e-02 4.878688757614247327e-03 2.027910742249542601e-03 -1.797243808986149517e-04 -2.795953905620405817e-03
-5.470061705673811003e-01 -8.317069652162663307e-02 -5.809966846999448792e-02 4.753747815206630506e-02 -7.008475630088019381e-02 -3.703641512355588389e-02
