-1.756789332580358312e-02 -6.852297998562084658e-02 1.086254554223154978e+00 5.724142681180099251e-02 -8.043522580943594444e-03 -2.462639184223429346e-04 -7.094833125783608831e-04
-4.033160768752868108e-01 5.939595002876291163e-01 -4.469657260982749791e-02 8.238450338269603934e-02 1.357017190510543259e-01 -6.854431389172338691e-03 1.444728185455041933e-02
-4.254966951833461519e-01 -4.891509397025569639e-01 -9.283649544282075727e-02 3.357132590981687370e-01 -1.212536675954025284e-01 1.061580090146924463e-02 5.840637948316433625e-02
8.240316749359477555e-01 -2.294311726934344584e-03 -4.033837579118169925e-02 8.409205084732326678e-05 -1.265988635946357389e-02 -3.709444263524400848e-02 1.102786923309995865e-02
-3.894519920035270366e-01 6.347444199059627534e-01 -2.445258687225248737e-02 -1.238092178188395509e-01 -1.481867548503735532e-01 -3.323189405127605772e-03 3.275759775166410537e-02
7.866154050441495071e-01 -5.783373705257134449e-03 -4.801244818532773156e-02 1.644528551263388719e-02 1.052876118869276560e-02 1.567348169281951586e-01 9.877197362112599341e-03
7.764793891646244450e-01 -3.167128874171536157e-02 -3.384930310850201018e-02 7.977671258988473443e-03 3.012812379199533014e-02 9.864349502639563338e-02 -5.003599353593439492e-02
-4.224703132501384517e-01 -6.176084576224912803e-01 -6.921064120487799287e-02 7.209061786808225458e-02 -7.187286739517974310e-02 -2.571036066019050104e-02 -7.493288506712116048e-02
-4.043615303614478962e-01 -6.420564111454239997e-01 -2.490834889470494237e-02 -1.519114576484366375e-01 5.839149891571398382e-02 -9.354575341817921580e-03 -4.703949447380362942e-02
-3.922586937569608190e-01 -6.217131695408464331e-01 2.245277736832289144e-03 -2.322110538139204039e-01 1.199427711754485898e-01 2.143254729734516556e-02 7.875215337029280172e-02
-3.990686660959731902e-01 6.283989964442238119e-01 -3.725020759479819032e-02 -3.199138549642220001e-03 2.567259361855524918e-02 -3.094480241571176838e-03 8.276486104484568132e-03
-4.146403337897556773e-01 -6.364212253180514534e-01 -5.081461996838444739e-02 -4.888414963419299153e-02 -8.828903017561401043e-03 -1.191743433409071969e-02 -4.354195897777996677e-02
-4.234789492593973304e-01 -5.120125702242150911e-01 -8.976642242612019318e-02 3.147384754125863160e-01 -1.197179704866981331e-01 7.104841142220679438e-03 3.370651455904040330e-03
-3.759931170891571139e-01 6.262706457483097067e-01 -6.967982583765164849e-03 -1.897185677656879343e-01 -2.499601964656431030e-01 1.959615903465814629e-02 -7.889648615842105150e-04
-3.997526204661310811e-01 -6.262592826735664531e-01 -1.747083869876153023e-02 -1.979015705226610800e-01 9.673296211620645291e-02 9.121891925647740776e-03 4.520473783935583661e-02
-4.024452221701913524e-01 6.098600357966493801e-01 -4.261724559916975352e-02 3.671028934052074366e-02 7.261494409886119772e-02 -3.135706161817118989e-03 1.117805510625478199e-02
-4.274173682253845641e-01 -6.042663690149973066e-01 -6.464453647115624146e-02 3.324251617647849127e-02 -2.162559488852383582e-02 1.170109800378454738e-02 5.142681788175318403e-02
8.254322799273198230e-01 -6.306191583124056907e-03 -3.579454661832429802e-02 -3.725826411272018402e-03 -9.081338952519361560e-03 -4.194136298643631744e-02 -1.101055353114110610e-02
-3.899758407443711938e-01 5.391333668850896155e-01 -4.359618211931492321e-02 1.836220619669316767e-01 2.565665306405707224e-01 -1.297845076062974744e-02 -1.742442005792583723e-02
8.139286811517040254e-01 -1.512413740231847168e-03 -4.263767271065904696e-02 -9.380174883499195482e-03 -4.928330969968979132e-03 -4.100178018433515981e-02 1.973788124615432488e-02
8.148110676245160500e-01 -4.155962622083113345e-03 -4.136687393218030362e-02 -1.011760717138432582e-02 -1.836304600360744383e-03 -4.503364872577068911e-02 1.760119739703134428e-02
-4.003796971683650230e-01 6.086729196725446656e-01 -4.195869141661823926e-02 5.907704556944271684e-02 9.441139153340782908e-02 1.332284136702554861e-03 -1.571219218345754065e-02
8.111876722148159136e-01 7.692117659110817192e-03 -3.709545824690758942e-02 3.597873586746264552e-03 2.592376941694608111e-03 -3.338346505402999681e-03 -3.952542843762037530e-03
8.223036015126947706e-01 2.169743388509857984e-03 -3.370048153167876093e-02 5.767072196628551806e-03 -3.877755866201880279e-03 -7.729394417077691502e-03 -2.203237434450698931e-02
8.090560612408445040e-01 -1.949243404880188213e-02 -3.741887036536135219e-02 -8.828121450327424194e-03 -8.793985919183367264e-03 -7.261553396785228043e-02 2.749896600682303488e-02
-3.964587460678043462e-01 6.342092533624203998e-01 -3.224342114544856419e-02 -3.480435460989177859e-02 -3.981965396412871783e-02 1.067313879349575216e-02 -3.202704693401516034e-02
-3.912044770847949993e-01 6.519195110446591723e-01 -2.239582388234770752e-02 -8.739838603773128489e-02 -9.153715965963941936e-02 -7.148196510756717192e-03 -1.050833146944853830e-02
-4.081075998987785947e-01 -6.478031287991905529e-01 -3.245518453949614718e-02 -1.068025639150662898e-01 1.874022049959078381e-02 -1.443847504419916959e-02 -5.984703049958660370e-02
