-3.662167457586006369e-01 -4.366865552862871924e-01 -1.031331330323805306e-01 -4.995599495952657981e-02 -3.071010897820438193e-02 8.199572505822209922e-02 -3.338210960518525616e-02 2.359759860124938935e-01 6.089549966534914260e-02 -6.636279240061326856e-02 -2.187182900572300775e-02 5.267328124875621936e-02 -5.956990259892128853e-02 8.706814535121157328e-02 1.181440020907181809e-02
-3.197366279767065445e-01 -5.243398436208864810e-01 6.357652555226210589e-02 -1.226401960367053956e-01 -3.150737248445548838e-02 -1.809222581062272517e-01 -3.507143050579580174e-02 5.451153214165870009e-02 -1.614913685819827638e-01 1.943926044464944214e-02 4.233613711192263374e-02 -1.969835846095600862e-02 6.846549638696289297e-02 -3.473340671898243748e-02 3.637572552518149316e-02
-3.689307012110976114e-01 6.394661555141440967e-01 1.069424522461715626e-01 -2.583682945292876121e-01 -2.076005719289541196e-01 6.782998650276608754e-02 -1.788156437568632490e-02 -1.181790130500412137e-02 2.052546364633919124e-02 -2.026045909663275885e-02 -4.239999867001187361e-02 -3.774453006486688800e-02 -3.503256707267990867e-03 2.024343257839796451e-03 -4.034973172559078863e-03
7.856290409918196271e-01 2.336534542988666016e-02 4.312897140800367457e-02 6.926427069553126037e-02 -1.351808435587922297e-01 -1.391612211673026178e-01 -4.190300177104313954e-03 5.764101077251134082e-03 8.332279212701501625e-02 2.873285858799931591e-02 9.308544128833659559e-02 -3.828594571154166765e-02 8.879488281160241581e-02 1.112293807711317722e-01 -6.251666317510392559e-05
-4.867757826811394128e-01 3.499599742950206815e-01 -1.900611398406626684e-01 2.364293890076730187e-01 -1.436394515132513039e-01 2.533312260581618500e-02 6.644593070294857462e-02 2.694633428255668005e-03 -1.082162654741759406e-01 7.305439595988247325e-02 5.288419866010500570e-02 2.788206201052536790e-02 -1.490388484888045817e-02 -5.027453975712549254e-03 -3.107775047473618907e-02
-4.322226236423101775e-01 4.503758103117357914e-01 -4.553318074906988200e-02 8.713205526007347657e-02 3.337276523265337302e-01 -7.505459023534777341e-02 -6.388415335242420001e-02 -1.943962452394066426e-02 7.907021482387605049e-02 -4.115052071010986967e-02 1.146446985762921344e-03 -2.906219749674106290e-02 1.181939840094842903e-02 -7.007820407052323813e-03 8.006789835847184789e-02
-1.048472698740165743e-01 -1.174570486573465883e-01 9.596611633113847351e-01 2.806036516740138542e-01 1.383822758702215119e-02 1.438032945642378491e-01 9.022128369418998262e-02 1.595114278462615373e-02 -1.571140541414908429e-02 -1.292725767906559645e-02 -1.172301008229645336e-02 5.950994519884987739e-03 -4.009565221305732077e-03 -7.161067631726671968e-04 4.236828665893727953e-03
-2.510110461789665237e-01 -4.644893390211274897e-01 -8.965698092354613957e-02 1.360799958822391242e-01 -8.599781778305168323e-02 2.235520863703676919e-01 -1.981388194074080178e-01 -5.449539927268637340e-02 2.477595180828084109e-01 9.880986311161291114e-02 3.520789384847310827e-02 1.968999893722796560e-02 2.681018297345829846e-02 -4.982942758742135020e-02 -2.297863188191307839e-03
7.486670615413029140e-01 5.169919430190601795e-02 -6.740672320796468886e-02 -4.697751878717907476e-02 9.564415290269651093e-02 1.449598741218436071e-01 -3.280003518692934522e-02 2.963107696952642714e-02 -7.480786363123065330e-02 4.244540458189077770e-02 -7.338826532181891293e-02 6.896259489474033944e-02 6.230640842027169307e-02 -1.597783687625008338e-03 1.074844500414753878e-02
-2.845139097803919825e-01 -4.419254986924876505e-01 6.510720106744784241e-02 -1.903235519960799205e-01 1.045114847592356067e-01 -1.811044233233166656e-01 1.439978473373946799e-01 -1.468881807372627024e-01 5.068540234584629350e-02 1.911744057431840060e-01 -7.147924995038937301e-02 1.165679815767772451e-02 -5.910822302202173306e-02 4.311787874057398939e-02 3.915040295022143707e-03
7.566275715641184174e-01 5.265613971776069574e-02 -2.333154271811777036e-02 4.307167117008788709e-02 -5.086141684561806819e-02 -1.540159330579356500e-01 1.348608592303585096e-02 -2.199269698301409975e-02 4.467342098048642657e-02 -4.544904464906845271e-02 -1.268455299801749155e-02 1.728449743852792514e-02 -4.641039428175884607e-02 -5.047015214882134837e-02 3.862243585839961885e-02
7.704669594565926038e-01 4.079918693930431606e-02 -1.715533055659039649e-03 5.751669784107035777e-02 -8.120437915902767312e-02 -1.608178060169528634e-01 2.560620910884328638e-02 -1.749744654364646101e-02 5.113773737963678984e-02 -3.238734769667196700e-02 -5.650798515058332201e-03 9.759797672746588215e-03 -2.945720509126855194e-02 -2.672752751285438835e-02 3.398470487142293828e-02
-3.563711165973538764e-01 -4.156245366607516090e-01 -9.624829852602422020e-02 -1.327566545516048468e-01 8.172817229511976367e-02 1.068842141875163271e-01 2.316832030903881456e-01 2.420167518155983202e-02 1.144838857189071080e-01 -6.317096960084622737e-02 4.099903593478928382e-02 -4.075830133045330733e-03 2.775381886413943663e-02 -4.150272917483022184e-02 -3.438146031625131938e-02
-4.945229423308569183e-01 1.692389080379760324e-01 -2.681063415310785403e-01 3.000328652816539043e-01 -1.070943230165770504e-01 5.038720923769980653e-02 5.587290179959871622e-02 -2.675591642468382741e-02 -3.791939051069588562e-02 8.093781463926376244e-04 -4.290178482489476891e-02 -5.058100683181529500e-02 2.798396772094110304e-03 1.733037915593492809e-02 5.909528214186404033e-02
-3.551258962712367517e-01 -4.465144357159618882e-01 5.011275354323342646e-02 -8.292282767901523743e-02 -7.348458233724122768e-02 -1.556402058915008768e-01 -6.623969085851505456e-02 2.468605612842948993e-01 -2.966559911200474312e-02 6.290575065012522782e-02 1.333584899642940511e-02 -1.637026982731923722e-02 -2.430101582385752607e-02 -4.588922161501605979e-02 4.319484789483260187e-03
7.478920325572741001e-01 3.115491659791991622e-02 -6.529129089711629974e-02 -6.588563866321113516e-02 1.053651843497975388e-01 1.732859020403920980e-01 -2.480542734397107874e-02 3.273491106699698977e-02 -8.604374690926577807e-02 5.799266103191118987e-02 -6.892414980672195712e-02 4.239861763981898207e-02 5.281751506649130096e-02 -5.242856030365905919e-04 4.889522081632729535e-03
7.538392887078108062e-01 9.985043838822421636e-02 -5.321494774015243789e-02 5.694132611987593601e-02 -4.723442101786514552e-02 -1.039598117207967132e-01 -7.369843644862973621e-04 1.000726368550372211e-02 2.607739214381516596e-02 -5.616900951630234701e-02 -4.944705596017458238e-02 3.781398342750587338e-02 1.396233854681420972e-02 -2.091092475806479237e-02 -5.058127523656641422e-02
7.442586206708677876e-01 1.361804800646862317e-02 -7.001730655709367812e-02 -6.846168732890745012e-02 1.229551178963583374e-01 2.028926849201672933e-01 1.447890775212210511e-02 -8.292540690373283434e-04 -5.580748579385221009e-02 1.419372675239498338e-02 7.957416992311236448e-02 -8.257738591391874938e-02 -6.817130251896458271e-02 2.513849333734726778e-03 -1.122870485398927420e-02
-3.579921472558351137e-01 6.847378442924674236e-01 1.048335071062322654e-01 -2.291014536047098205e-01 -1.501439218526217090e-01 3.759844073711705870e-02 -3.611591027042545393e-02 -7.835121057126781530e-02 -3.186841573028232483e-02 -3.493441442947444256e-03 9.442295235845259149e-02 1.136360446610976682e-01 -2.248984764501959013e-02 4.482865349126894869e-03 3.075764765946967932e-02
-3.228804564402284472e-01 -4.986956177788615108e-01 -1.027379678561462784e-01 -1.347481076809876888e-01 1.021924384087462140e-01 2.149640780342788535e-02 1.971265960724280231e-01 -8.994988229425854298e-02 -1.170512288036674661e-02 -9.989026717171416159e-02 3.152500972761584225e-02 2.525073510035635155e-02 4.739479458052190536e-02 1.706296760857624242e-03 1.009691315713731434e-02
7.633588812767724274e-01 4.314281140209210580e-02 1.857855114208920586e-03 6.233076766245686934e-02 -1.148706560883702155e-01 -1.863366506174727044e-01 2.026483160373690473e-02 -1.710241636400290990e-02 4.772170284472396912e-02 -4.017205663343089567e-02 -9.899196378071446409e-03 1.070948044560361429e-03 -2.856097468678725493e-02 -9.239994700470237007e-03 -3.241480842858859845e-02
7.545494450263718900e-01 1.960695474117406245e-02 -6.578245414517534806e-02 -6.750213367510969620e-02 1.208718488977729016e-01 1.942178787648385085e-01 7.681870881075163714e-03 8.161496203123244642e-03 -6.638037492564942410e-02 2.889470734174965152e-02 4.568196677995109423e-02 -6.283035357938870913e-02 -4.730674892168954676e-02 -3.562892528364305662e-03 5.901787320209595303e-03
-4.892044975911868376e-01 1.738639089190503195e-01 -2.612270121947451451e-01 2.715339444290472137e-01 -1.383905626518702192e-01 3.124606747352484323e-02 1.444986122907626347e-01 2.069472175133387284e-02 -4.613967730754919838e-02 1.647429812446524547e-02 -3.828882788765545359e-02 -8.735844750694587643e-03 4.883066498899457479e-03 -6.392499858000486902e-03 -2.102587828541559872e-02
-3.004905823367853834e-01 -5.586374878589676074e-01 6.709308673695164871e-02 6.129181332360584405e-03 -4.874452542237155128e-02 -9.483860172360920882e-02 -1.869665964981667428e-01 -1.411552109347141426e-01 -1.021490458933031337e-01 -3.201253043480534188e-02 -2.192204440342169092e-03 -5.207894754083630673e-02 8.504574154781755976e-03 -1.228985540716303693e-03 -3.595601042213560083e-02
-3.726903351537571019e-01 6.130903490090882091e-01 9.837677420196555556e-02 -2.830088607102501097e-01 -1.807838607728442515e-01 6.141528570499302231e-02 -1.146351028004426349e-02 1.999136369873519628e-02 5.736130198268902386e-02 -1.324926605153055326e-02 -6.962194959908241110e-02 -8.334557240181535154e-02 2.964514516575232975e-02 -7.840346960690700376e-03 -1.194355912198253288e-02
-3.055706375817718867e-01 -5.451315481804999141e-01 -7.287274451139634512e-02 2.270228235877697759e-02 -3.417160708413594095e-02 9.456553447037223392e-02 -1.644450710013605765e-01 -1.334614094929950923e-01 -6.540688302894612227e-02 -1.104779984451939728e-01 -3.997748149772509252e-02 2.220135311364898265e-02 -3.977470100454093965e-02 3.383190011784406592e-02 -6.666426420208519492e-03
-4.353565173576203762e-01 5.504324954725524632e-01 6.781953087672801597e-03 4.237958257803346035e-02 2.067966983412527493e-01 -1.062481650001710215e-01 -5.743641009198810488e-02 2.889798205405095990e-03 -2.895382668752067082e-02 1.900244644607910344e-02 5.960521307585760209e-02 5.034839644271275200e-02 -1.060226412979787397e-02 -5.271256960566680222e-03 -4.413989121926317760e-02
-4.208290657730675566e-01 4.424434300964056321e-01 8.864354110793951774e-03 6.050523890968004942e-02 3.739894447307165470e-01 -1.233640477026695936e-01 -7.780626693703347752e-02 4.966628602574917062e-02 3.855214013948211893e-02 -1.675619539340444941e-02 -2.935395975282541203e-02 -2.119386059684888121e-02 1.221326785934358054e-02 1.516777766314279102e-02 -4.901499813434513630e-02
